200
Activo1 1104.00 0.03 0.26
Activo2 1415.00 0.07 0.19
Activo3 1421.00 0.08 0.14
Activo4 1376.00 0.06 0.28
Activo5 1587.00 0.10 0.17
Activo6 1046.00 0.02 0.19
Activo7 1970.00 0.10 0.20
Activo8 1544.00 0.08 0.29
Activo9 1762.00 0.10 0.24
Activo10 1451.00 0.04 0.12
Activo11 1913.00 0.07 0.20
Activo12 1675.00 0.10 0.11
Activo13 1523.00 0.05 0.16
Activo14 1281.00 0.05 0.21
Activo15 1699.00 0.01 0.12
Activo16 1737.00 0.11 0.23
Activo17 1541.00 0.10 0.22
Activo18 1701.00 0.05 0.24
Activo19 1709.00 0.02 0.25
Activo20 1006.00 0.09 0.29
Activo21 1088.00 0.10 0.20
Activo22 1994.00 0.11 0.22
Activo23 1278.00 0.05 0.18
Activo24 1680.00 0.08 0.11
Activo25 1354.00 0.06 0.19
Activo26 1185.00 0.08 0.11
Activo27 1845.00 0.09 0.22
Activo28 1223.00 0.03 0.17
Activo29 1909.00 0.10 0.23
Activo30 1695.00 0.05 0.25
Activo31 1013.00 0.05 0.19
Activo32 1046.00 0.08 0.28
Activo33 1569.00 0.05 0.28
Activo34 1717.00 0.08 0.27
Activo35 1917.00 0.07 0.12
Activo36 1383.00 0.07 0.20
Activo37 1211.00 0.11 0.14
Activo38 1420.00 0.05 0.12
Activo39 1781.00 0.02 0.18
Activo40 1891.00 0.08 0.17
Activo41 1009.00 0.06 0.12
Activo42 1784.00 0.05 0.19
Activo43 1990.00 0.05 0.27
Activo44 1858.00 0.04 0.23
Activo45 1534.00 0.08 0.23
Activo46 1142.00 0.09 0.16
Activo47 1867.00 0.06 0.24
Activo48 1365.00 0.04 0.17
Activo49 1775.00 0.05 0.24
Activo50 1401.00 0.10 0.23
Activo51 1273.00 0.06 0.12
Activo52 1513.00 0.09 0.11
Activo53 1677.00 0.02 0.25
Activo54 1797.00 0.02 0.19
Activo55 1132.00 0.10 0.23
Activo56 1187.00 0.03 0.13
Activo57 1503.00 0.11 0.26
Activo58 1720.00 0.04 0.24
Activo59 1213.00 0.03 0.29
Activo60 1413.00 0.03 0.13
Activo61 1871.00 0.08 0.13
Activo62 1225.00 0.03 0.30
Activo63 1376.00 0.09 0.28
Activo64 1038.00 0.06 0.13
Activo65 1717.00 0.04 0.15
Activo66 1503.00 0.01 0.20
Activo67 1233.00 0.05 0.27
Activo68 1830.00 0.04 0.17
Activo69 1729.00 0.10 0.19
Activo70 1971.00 0.07 0.10
Activo71 1001.00 0.03 0.14
Activo72 1464.00 0.04 0.15
Activo73 1975.00 0.04 0.19
Activo74 1115.00 0.04 0.25
Activo75 1049.00 0.03 0.15
Activo76 1643.00 0.01 0.28
Activo77 1837.00 0.01 0.20
Activo78 1264.00 0.03 0.23
Activo79 1536.00 0.08 0.16
Activo80 1610.00 0.09 0.21
Activo81 1591.00 0.06 0.22
Activo82 1449.00 0.03 0.13
Activo83 1851.00 0.08 0.16
Activo84 1446.00 0.09 0.12
Activo85 1386.00 0.03 0.21
Activo86 1325.00 0.02 0.17
Activo87 1645.00 0.02 0.25
Activo88 1587.00 0.05 0.19
Activo89 1176.00 0.08 0.27
Activo90 1381.00 0.04 0.14
Activo91 1347.00 0.07 0.24
Activo92 1760.00 0.11 0.16
Activo93 1072.00 0.09 0.18
Activo94 1641.00 0.09 0.26
Activo95 1277.00 0.07 0.23
Activo96 1227.00 0.04 0.23
Activo97 1844.00 0.08 0.13
Activo98 1763.00 0.06 0.21
Activo99 1801.00 0.03 0.11
Activo100 1579.00 0.05 0.23
Activo101 1278.00 0.04 0.26
Activo102 1943.00 0.01 0.26
Activo103 1541.00 0.04 0.26
Activo104 1939.00 0.07 0.10
Activo105 1792.00 0.06 0.24
Activo106 1508.00 0.03 0.19
Activo107 1168.00 0.05 0.29
Activo108 1960.00 0.10 0.23
Activo109 1470.00 0.09 0.27
Activo110 1883.00 0.08 0.29
Activo111 1064.00 0.07 0.13
Activo112 1290.00 0.02 0.14
Activo113 1538.00 0.09 0.19
Activo114 1077.00 0.08 0.26
Activo115 1935.00 0.06 0.10
Activo116 1152.00 0.03 0.29
Activo117 1307.00 0.01 0.19
Activo118 1110.00 0.09 0.11
Activo119 1118.00 0.09 0.11
Activo120 1137.00 0.05 0.24
Activo121 1613.00 0.02 0.25
Activo122 1997.00 0.07 0.29
Activo123 1220.00 0.07 0.10
Activo124 1575.00 0.06 0.25
Activo125 1572.00 0.03 0.22
Activo126 1800.00 0.07 0.28
Activo127 1312.00 0.06 0.28
Activo128 1488.00 0.05 0.19
Activo129 1303.00 0.07 0.24
Activo130 1229.00 0.04 0.25
Activo131 1311.00 0.08 0.18
Activo132 1106.00 0.07 0.19
Activo133 1885.00 0.03 0.27
Activo134 1655.00 0.08 0.15
Activo135 1943.00 0.03 0.15
Activo136 1675.00 0.08 0.16
Activo137 1353.00 0.07 0.23
Activo138 1907.00 0.07 0.11
Activo139 1582.00 0.08 0.24
Activo140 1552.00 0.02 0.22
Activo141 1982.00 0.07 0.10
Activo142 1184.00 0.06 0.21
Activo143 1510.00 0.05 0.19
Activo144 1742.00 0.04 0.18
Activo145 1912.00 0.03 0.26
Activo146 1697.00 0.02 0.24
Activo147 1540.00 0.10 0.12
Activo148 1545.00 0.08 0.11
Activo149 1278.00 0.07 0.18
Activo150 1236.00 0.02 0.25
Activo151 1383.00 0.05 0.11
Activo152 1775.00 0.08 0.10
Activo153 1950.00 0.09 0.11
Activo154 1200.00 0.01 0.16
Activo155 1787.00 0.10 0.29
Activo156 1264.00 0.07 0.14
Activo157 1769.00 0.08 0.26
Activo158 1797.00 0.10 0.19
Activo159 1840.00 0.03 0.11
Activo160 1171.00 0.03 0.18
Activo161 1716.00 0.10 0.12
Activo162 1710.00 0.07 0.14
Activo163 1851.00 0.05 0.18
Activo164 1779.00 0.07 0.23
Activo165 1831.00 0.07 0.27
Activo166 1588.00 0.02 0.23
Activo167 1111.00 0.01 0.27
Activo168 1988.00 0.03 0.15
Activo169 1165.00 0.11 0.29
Activo170 1875.00 0.07 0.11
Activo171 1372.00 0.01 0.14
Activo172 1977.00 0.01 0.25
Activo173 1175.00 0.08 0.21
Activo174 1028.00 0.02 0.29
Activo175 1550.00 0.01 0.11
Activo176 1601.00 0.01 0.28
Activo177 1139.00 0.08 0.28
Activo178 1723.00 0.01 0.24
Activo179 1542.00 0.11 0.14
Activo180 1012.00 0.07 0.16
Activo181 1002.00 0.07 0.16
Activo182 1320.00 0.02 0.22
Activo183 1459.00 0.08 0.14
Activo184 1820.00 0.07 0.19
Activo185 1762.00 0.03 0.17
Activo186 1168.00 0.02 0.16
Activo187 1577.00 0.02 0.30
Activo188 1308.00 0.06 0.27
Activo189 1963.00 0.09 0.27
Activo190 1641.00 0.05 0.28
Activo191 1260.00 0.09 0.23
Activo192 1411.00 0.10 0.28
Activo193 1563.00 0.06 0.15
Activo194 1116.00 0.06 0.25
Activo195 1853.00 0.06 0.21
Activo196 1246.00 0.07 0.28
Activo197 1174.00 0.07 0.15
Activo198 1672.00 0.01 0.20
Activo199 1187.00 0.05 0.30
Activo200 1652.00 0.01 0.24
